Запрос из Т45
Обработка Т45
Запрос из Элспек
Обработка элспек
U<N
1680002203,318 1
found
1680002203,428 1
found
1680002203,541 3
found
1680002203,652 5
found
1680002203,766 6
found
1680002203,879 8
found
1680002203,988 10
found
1680002204,102 12
found
1680002204,211 14
found
1680002204,325 16
found
1680002204,432 17
found
1680002204,548 19
found
1680002204,661 21
found
1680002204,757 23
found
1680002204,867 24
found
1680002204,976 26
found
1680002205,091 28
found
1680002205,202 30
found
1680002205,309 31
found
1680002205,42 33
found
1680002205,532 35
found
1680002205,647 37
found
1680002205,744 38
found
1680002205,848 40
found
490,56 180,651596069336 18,0799999237061
498 180,651596069336 18,0799999237061
498 180,651596069336 18,0799999237061
497,073 -128,845993041992 2,78999996185303
497,073 72,4335021972656 0,140000000596046
493,275 72,4335021972656 0,140000000596046
498 -13,4312000274658 4,84999990463257
498 -293,003112792969 12,1999998092651
494,505 265,995391845703 36,8800010681152
494,505 265,995391845703 36,8800010681152
490,759 262,284088134766 74,7900009155273
498 -290,433685302734 98,6800003051758
498 -290,433685302734 98,6800003051758
496,744 -133,424697875977 156,259994506836
496,744 -314,944305419922 189,910003662109
493,846 -314,944305419922 189,910003662109
493,846 -122,599601745605 266,809997558594
491,764 175,028793334961 310,019989013672
498 175,028793334961 310,019989013672
498 -221,199798583984 405,799987792969
498 114,996803283691 513,869995117188
498 -57,7373008728027 572,419982910156
498 -57,7373008728027 572,419982910156
498 -306,397613525391 698,359985351563
Вставка в итоговую таблицу ok
Все завершено
Полный выход
Запрос из Т45
Обработка Т45
Запрос из Элспек
Обработка элспек
U<N
1680002211,545 1
found
1680002211,648 1
found
1680002211,769 2
found
1680002211,871 3
found
1680002211,982 5
found
1680002212,097 7
found
1680002212,207 9
found
1680002212,317 11
found
1680002212,408 12
found
1680002212,52 14
found
1680002212,632 16
found
1680002212,747 18
found
1680002212,862 19
found
1680002212,972 21
found
1680002213,067 23
found
1680002213,177 24
found
1680002213,289 26
found
1680002213,402 28
found
1680002213,508 30
found
1680002213,619 32
found
1680002213,73 33
found
1680002213,851 35
found
1680002213,957 37
found
1680002214,062 38
found
1680002214,174 40
found
1680002214,287 42
found
1680002214,377 43
found
1680002214,487 45
found
1680002214,599 47
found
1680002214,71 49
found
493,915 313,009185791016 7195,31005859375
490 313,009185791016 7195,31005859375
490 313,009185791016 7195,31005859375
490,69 313,009185791016 7195,31005859375
490,69 159,531494140625 7431,85986328125
490 -183,322998046875 7547,93994140625
490 -308,558288574219 7775,27978515625
490 -67,5100021362305 7886,41015625
494,474 -67,5100021362305 7886,41015625
494,474 253,678100585938 8103,22021484375
498 -213,990295410156 8208,75
498 -213,990295410156 8208,75
498 166,651306152344 8413,75
498 -113,353797912598 8610,2001953125
498 -113,353797912598 8610,2001953125
493,816 56,0032997131348 8705,0595703125
493,816 56,0032997131348 8705,0595703125
492,185 305,983612060547 8887,75
492,185 192,736801147461 8975,4501953125
498 -149,304092407227 9143,2998046875
498 -149,304092407227 9143,2998046875
498 -314,109008789063 9223,33984375
490 -106,041198730469 9375,3798828125
490 -106,041198730469 9375,3798828125
490 227,906097412109 9516,3701171875
498 291,310485839844 9582,599609375
498 291,310485839844 9582,599609375
490 8,90590000152588 9706,349609375
490 -68,0193023681641 9763,76953125
490 253,368606567383 9869,5498046875
Вставка в итоговую таблицу ok
Все завершено
Полный выход
Запрос из Т45
Обработка Т45
Запрос из Элспек
Обработка элспек
U<N
1680002221,71 1
found
1680002221,821 1
found
1680002221,937 3
found
1680002222,047 5
found
1680002222,157 6
found
1680002222,272 8
found
1680002222,362 10
found
1680002222,472 11
found
1680002222,583 13
found
1680002222,701 15
found
1680002222,807 17
found
1680002222,917 18
found
1680002223,028 20
found
1680002223,139 22
found
1680002223,251 24
found
1680002223,357 25
found
1680002223,462 27
found
1680002223,569 29
found
1680002223,68 30
found
1680002223,795 32
found
1680002223,907 34
found
1680002224,017 36
found
1680002224,127 38
found
1680002224,227 39
found
1680002224,332 41
found
1680002224,447 42
found
1680002224,557 44
found
1680002224,668 46
found
1680002224,781 48
found
1680002224,895 50
found
1680002225,007 51
found
1680002225,117 53
found
497,17 -295,201385498047 6163,72998046875
497,17 -295,201385498047 6163,72998046875
495,353 -295,201385498047 6163,72998046875
495,353 310,614501953125 5906,33984375
490 -314,921600341797 5776,85009765625
491,382 -314,921600341797 5776,85009765625
491,382 -134,423706054688 5516,68017578125
496,289 205,645904541016 5386,169921875
496,289 205,645904541016 5386,169921875
498 301,597290039063 5124,740234375
498 -313,318115234375 4863,31982421875
497,895 -313,318115234375 4863,31982421875
498 -97,649299621582 4732,830078125
498 152,278900146484 4472,7001953125
491,814 -190,045700073242 4343,22998046875
491,814 -190,045700073242 4343,22998046875
492,402 -306,770812988281 4085,89990234375
492,402 314,751708984375 3958,21997070313
498 314,751708984375 3958,21997070313
498 116,508399963379 3705,2099609375
498 -169,516799926758 3455,89990234375
498 216,464202880859 3332,84008789063
498 216,464202880859 3332,84008789063
498 -255,671997070313 3090,2900390625
498 64,1967010498047 2970,9599609375
490 64,1967010498047 2970,9599609375
496,214 -4,99720001220703 2736,60009765625
496,214 -54,3810997009277 2621,7099609375
490 -54,3810997009277 2621,7099609375
490 111,814903259277 2396,89990234375
497,118 111,814903259277 2396,89990234375
497,118 29,5177001953125 2179,18994140625
Вставка в итоговую таблицу ok
Все завершено
Полный выход
Запрос из Т45
Обработка Т45
Запрос из Элспек
Обработка элспек
U<N
1680002229,059 1
found
1680002229,168 1
found
1680002229,283 3
found
1680002229,378 4
found
1680002229,488 6
found
1680002229,607 8
found
1680002229,709 10
found
1680002229,82 11
found
1680002229,932 13
found
1680002230,047 15
found
1680002230,158 17
found
1680002230,267 18
found
1680002230,373 20
found
1680002230,477 22
found
1680002230,582 24
found
1680002230,704 26
found
1680002230,808 27
found
1680002230,922 29
found
1680002231,028 31
found
1680002231,139 32
found
1680002231,248 34
found
1680002231,352 36
found
1680002231,457 38
found
1680002231,568 39
found
1680002231,682 41
found
1680002231,798 43
found
1680002231,899 45
found
498 -32,1021995544434 10,9300003051758
498 -32,1021995544434 10,9300003051758
498 -32,1021995544434 10,9300003051758
490 90,5158996582031 34,6399993896484
490 -238,87629699707 51,4599990844727
490 -238,87629699707 51,4599990844727
497,335 195,95280456543 95,0100021362305
497,335 195,95280456543 95,0100021362305
490 -238,633697509766 121,699996948242
490 51,9771995544434 184,820007324219
498 -109,53150177002 260,799987792969
498 -109,53150177002 260,799987792969
498 225,326095581055 303,549987792969
490 -179,861801147461 398,429992675781
490 -309,382690429688 450,5
491,964 -309,382690429688 450,5
491,964 315 563,72998046875
495,282 128,103103637695 624,809997558594
490 128,103103637695 624,809997558594
490 -210,862503051758 755,72998046875
498 163,041702270508 898,010009765625
498 163,041702270508 898,010009765625
497,66 312,524200439453 973,299987792969
497,66 91,0152969360352 1131,93005371094
490 91,0152969360352 1131,93005371094
498 -146,155395507813 1215,18005371094
498 195,544296264648 1389,23999023438
Вставка в итоговую таблицу ok
Все завершено
