Запрос из Т45
Обработка Т45
Запрос из Элспек
Обработка элспек
U<N
1680001793,039 2
found
1680001793,15 4
found
1680001793,256 6
found
1680001793,364 7
found
1680001793,477 9
found
1680001793,587 11
found
1680001793,699 13
found
1680001793,814 14
found
1680001793,924 16
found
1680001794,034 18
found
1680001794,149 20
found
1680001794,256 22
found
1680001794,367 23
found
1680001794,478 25
found
1680001794,594 27
found
1680001794,704 29
found
1680001794,804 30
found
1680001794,924 32
found
1680001795,017 34
found
1680001795,129 36
found
1680001795,244 37
found
1680001795,357 39
found
1680001795,466 41
found
1680001795,577 43
found
1680001795,688 44
found
496,384 0 0
496,384 -303,484313964844 7824,580078125
498 -303,484313964844 7824,580078125
498 282,172210693359 7598,7099609375
491,268 -250,771194458008 7483,31982421875
490 -250,771194458008 7483,31982421875
490 -276,098693847656 7248,02978515625
495,954 299,707702636719 7128,27978515625
495,954 299,707702636719 7128,27978515625
493,976 -312,600799560547 6884,9599609375
493,976 -91,605598449707 6637,06982421875
492,26 238,132797241211 6511,60986328125
496,156 238,132797241211 6511,60986328125
496,156 285,188385009766 6258,080078125
490,136 -6,29769992828369 6130,169921875
490,136 -290,307891845703 5872,47998046875
498 -290,307891845703 5872,47998046875
491,643 -229,699203491211 5742,8701171875
491,643 -229,699203491211 5742,8701171875
490 103,580902099609 5482,52978515625
490 -45,7303009033203 5351,97021484375
492,022 -45,7303009033203 5351,97021484375
492,022 -13,7554998397827 5090,5
498 281,940093994141 4829,1298828125
490 281,940093994141 4829,1298828125
Вставка в итоговую таблицу ok
Все завершено
